703 1 1.22797458 . 1.0821562211 1979
703 1 1.21945925 . 0.8779222632 1980
703 1 1.27551551 1.21730222 . 1981
703 1 1.31404488 . 1.5604447175 1982
703 1 1.33137361 . 0.6803104762 1983
703 1 1.42072931 . 1.6389917282 1984
703 1 1.50027529 . 1.786570044 1985
703 1 1.58950469 . 1.7763792829 1986
703 1 1.65087279 2.05150006 . 1987
703 1 1.68445066 1.61559012 . 1988
703 1 1.70945593 1.71778833 . 1989
703 1 1.77034296 1.43843672 . 1990
703 1 1.81698558 2.16757764 . 1991
703 1 1.84063355 2.24491025 . 1992
703 1 1.85423347 1.92315875 . 1993
703 1 1.91508339 . 1.6174302049 1994
703 1 2.13119109 . 1.8114240285 1995
703 1 2.26324598 2.48807039 . 1996
703 1 2.41251734 . 2.8270264569 1997
703 2 1.23122195 . 1.0821562211 1979
703 2 1.222847 . 0.8779222632 1980
703 2 1.27863047 1.66858111 . 1981
703 2 1.31673565 . 1.5604447175 1982
703 2 1.33179869 . 0.6803104762 1983
703 2 1.41790841 . 1.6389917282 1984
703 2 1.49318549 . 1.786570044 1985
703 2 1.58039179 . 1.7763792829 1986
703 2 1.63750572 1.45555024 . 1987
703 2 1.66995955 1.77692061 . 1988
703 2 1.69517673 1.45039362 . 1989
703 2 1.75544082 1.99330557 . 1990
703 2 1.80477401 2.15036468 . 1991
703 2 1.82953398 1.80299993 . 1992
703 2 1.84465765 1.93568053 . 1993
703 2 1.90638945 . 1.6174302049 1994
703 2 2.12276366 . 1.8114240285 1995
703 2 2.25522655 2.31757839 . 1996
703 2 2.40492509 . 2.8270264569 1997
703 5 1.2318469 . 1.0821562211 1979
703 5 1.22353524 . 0.8779222632 1980
703 5 1.28007318 1.84979656 . 1981
703 5 1.31679914 . 1.5604447175 1982
703 5 1.33107579 . 0.6803104762 1983
703 5 1.41622783 . 1.6389917282 1984
703 5 1.49173806 . 1.786570044 1985
703 5 1.57750983 . 1.7763792829 1986
703 5 1.63406184 2.0152968 . 1987
703 5 1.66465694 1.36845416 . 1988
703 5 1.68764448 1.20128716 . 1989
703 5 1.74648546 1.57465758 . 1990
703 5 1.79517882 1.39121437 . 1991
703 5 1.81865139 1.87294172 . 1992
703 5 1.83430781 1.64803709 . 1993
703 5 1.896873 . 1.6174302049 1994
703 5 2.11422406 . 1.8114240285 1995
703 5 2.2486259 2.27889896 . 1996
703 5 2.40124124 . 2.8270264569 1997
575 1 1.02701289 1.76873117 . 1979
575 1 1.12608542 1.1575025 . 1980
575 1 1.25366621 1.87534542 . 1981
575 1 1.35814348 0.78598608 . 1982
575 1 1.42482808 . 1.5530783297 1983
575 1 1.53446796 1.81684278 . 1984
575 1 1.6516384 1.17671502 . 1985
575 1 1.74126725 2.11970267 . 1986
575 1 1.82307684 2.1137621 . 1987
575 1 1.93285936 1.70838443 . 1988
575 1 2.04137191 2.21544756 . 1989
575 1 2.09593778 . 2.2616018645 1990
575 1 2.15354643 2.64105749 . 1991
575 1 2.18101884 2.3153448 . 1992
575 1 2.21812576 . 2.200250535 1993
575 1 2.1995488 . 2.2153903091 1994
575 1 2.31119176 . 2.1974598991 1995
575 1 2.36774548 . 2.3478037537 1996
575 1 2.41620315 . 2.5116331214 1997
575 2 1.01669963 0.94424731 . 1979
575 2 1.11305032 1.11081154 . 1980
575 2 1.23919858 1.10888397 . 1981
575 2 1.34342953 1.3418118 . 1982
575 2 1.41001023 . 1.5530783297 1983
575 2 1.51842599 1.81020296 . 1984
575 2 1.63265175 1.87022576 . 1985
575 2 1.72086402 1.0862501 . 1986
575 2 1.80060572 1.72246674 . 1987
575 2 1.90952166 1.99294239 . 1988
575 2 2.01809473 2.00194362 . 1989
575 2 2.07350178 . 2.2616018645 1990
575 2 2.13334595 2.09074591 . 1991
575 2 2.16442762 2.43347849 . 1992
575 2 2.20490826 . 2.200250535 1993
575 2 2.18956317 . 2.2153903091 1994
575 2 2.30365086 . 2.1974598991 1995
575 2 2.36275009 . 2.3478037537 1996
575 2 2.4145311 . 2.5116331214 1997
575 5 1.00679928 1.22012499 . 1979
575 5 1.10257511 1.37359626 . 1980
575 5 1.22806107 1.55490559 . 1981
575 5 1.33254574 1.05890155 . 1982
575 5 1.39868579 . 1.5530783297 1983
575 5 1.50855171 1.32475479 . 1984
575 5 1.62483993 1.71045315 . 1985
575 5 1.71519858 1.93601202 . 1986
575 5 1.79741138 1.54337083 . 1987
575 5 1.90943265 2.00616355 . 1988
575 5 2.01956784 1.83095092 . 1989
575 5 2.07786549 . 2.2616018645 1990
575 5 2.13812112 2.61368477 . 1991
575 5 2.16766265 2.04137575 . 1992
575 5 2.20672693 . 2.200250535 1993
575 5 2.18937754 . 2.2153903091 1994
575 5 2.30292198 . 2.1974598991 1995
575 5 2.36117479 . 2.3478037537 1996
575 5 2.41187115 . 2.5116331214 1997
429 1 1.8643692 . 1.6180262637 1979
429 1 2.04763429 . 2.2431726742 1980
429 1 2.22025813 . 2.5079697226 1981
429 1 2.34197569 . 2.4034608057 1982
429 1 2.45278324 . 2.1877364515 1983
429 1 2.59506909 2.34326338 . 1984
429 1 2.71286578 3.22010153 . 1985
429 1 2.78528235 2.54387834 . 1986
429 1 2.85208709 3.04700181 . 1987
429 1 2.91757605 2.84070154 . 1988
429 1 2.97032694 2.8763742 . 1989
429 1 3.00423185 . 3.2950828512 1990
429 1 3.0284532 . 3.3171113502 1991
429 1 3.01052408 3.18463822 . 1992
429 1 2.98011021 2.94807043 . 1993
429 1 2.93587091 . 2.2386736792 1994
429 1 2.97188394 . 3.0382817348 1995
429 1 2.99471612 3.03210724 . 1996
429 1 3.01567096 . 3.3311828898 1997
429 2 1.86687212 . 1.6180262637 1979
429 2 2.05015515 . 2.2431726742 1980
429 2 2.22373768 . 2.5079697226 1981
429 2 2.34687941 . 2.4034608057 1982
429 2 2.45866005 . 2.1877364515 1983
429 2 2.60148972 2.21795864 . 1984
429 2 2.71940986 2.82294553 . 1985
429 2 2.79305955 2.32299206 . 1986
429 2 2.85927252 2.8161937 . 1987
429 2 2.92151786 2.84045075 . 1988
429 2 2.97081652 3.25516071 . 1989
429 2 3.00185663 . 3.2950828512 1990
429 2 3.02289582 . 3.3171113502 1991
429 2 3.00476013 3.06833031 . 1992
429 2 2.97360394 2.66635284 . 1993
429 2 2.93025783 . 2.2386736792 1994
429 2 2.96671565 . 3.0382817348 1995
429 2 2.98932359 3.61539662 . 1996
429 2 3.00968946 . 3.3311828898 1997
429 5 1.86445824 . 1.6180262637 1979
429 5 2.0497201 . 2.2431726742 1980
429 5 2.22443136 . 2.5079697226 1981
429 5 2.34812602 . 2.4034608057 1982
429 5 2.46016268 . 2.1877364515 1983
429 5 2.60411885 2.8851347 . 1984
429 5 2.72194559 2.7473783 . 1985
429 5 2.79669933 2.70105343 . 1986
429 5 2.86436484 3.18006031 . 1987
429 5 2.92615752 3.4192599 . 1988
429 5 2.97487069 3.12569379 . 1989
429 5 3.00606611 . 3.2950828512 1990
429 5 3.02863408 . 3.3171113502 1991
429 5 3.00912706 3.13884019 . 1992
429 5 2.97758625 2.44982251 . 1993
429 5 2.93205454 . 2.2386736792 1994
429 5 2.96698398 . 3.0382817348 1995
429 5 2.98929726 2.71303348 . 1996
429 5 3.01037179 . 3.3311828898 1997
