0.98792
0.42261
1.21128
4.89587
0.84131
0.59177
0.26613
0.12071
1.45216
0.23524
0.89977
0.8066
1.53388
1.52615
0.65418
0.12071
0.88151
0.12071
0.20539
0.12071
0.58307
0.76599
0.67266
1.03708
2.06311
0.65371
0.87187
0.67003
0.95045
0.37209
0.17703
1.27835
2.1745
3.19102
2.17636
2.42577
0.5372
1.26263
1.01525
0.37937
0.39583
0.66216
1.29729
0.8379
0.33939
1.41659
0.12071
0.94203
0.44871
0.78268
1.22643
0.31404
3.98222
0.18957
1.58188
0.32363
0.92426
0.39341
0.56206
0.9096
0.12071
0.27972
3.23221
0.31142
0.14434
0.81271
0.64095
0.28743
0.60559
0.32945
1.00375
0.12071
1.64499
0.12071
1.62889
0.12071
1.85766
0.40979
0.64894
0.43072
0.12071
0.42993
0.75793
1.11879
0.24625
0.16734
0.94992
0.12071
0.79365
0.3867
0.13518
1.58246
0.17121
1.3826
0.22391
0.36233
0.18036
0.15415
0.12071
0.20304
0.68504
0.71553
1.21863
0.12071
0.12071
2.81008
0.9448
0.67038
2.14261
2.02065
0.74807
0.27975
0.91551
4.89587
0.12071
0.12071
1.27633
0.79365
0.95246
0.32356
0.2843
0.17216
1.79372
0.22939
2.36747
0.17177
1.58497
1.1913
1.67528
0.17561
0.39575
1.87346
1.58497
1.00447
0.25082
1.2145
0.12385
0.98352
0.12071
0.56776
0.16054
0.43451
0.12071
0.15877
0.8379
0.26088
2.2181
0.39426
2.1527
0.12071
1.6176
0.75617
1.36229
0.2595
0.12512
0.86056
0.61453
0.92056
2.67483
0.12071
0.12071
0.53277
0.71372
0.12071
0.12071
1.03879
0.27069
0.47377
0.99273
0.30605
0.30292
0.24855
0.50054
1.01525
0.54639
0.3246
0.76599
0.14382
1.74976
1.10568
0.60388
0.31192
0.57793
0.27235
0.93738
0.37623
0.94203
0.40063
0.5782
0.77001
0.1244
0.59918
0.25548
0.5434
1.29264
0.12071
0.14879
0.24184
0.98221
0.7675
0.38145
0.44178
0.12071
0.65488
0.69725
0.53825
0.16075
0.70714
1.4073
0.52036
0.22008
2.55733
0.6595
2.68838
1.05571
1.01953
0.24955
1.37465
0.27133
0.38057
0.29924
0.43853
0.12071
0.72552
1.43441
0.40221
0.59483
1.43441
0.41895
1.89529
0.89012
0.12071
0.12071
0.39341
0.49679
0.60564
0.87187
1.29729
0.33333
4.45896
0.61202
0.57068
0.74306
0.46581
0.18869
1.31299
0.51377
0.12071
0.34513
2.93412
0.22993
0.13005
0.60564
0.23539
0.86712
0.12071
1.12683
0.94194
0.81284
0.46689
4.03474
0.12071
0.12071
0.61977
1.43441
2.37221
0.9947
1.48972
1.74976
0.71676
1.52651
1.11714
0.12071
0.54415
3.03914
0.48747
0.55227
0.12071
0.49774
1.74976
0.22801
0.18181
0.12071
1.61879
0.23192
0.30125
2.95586
1.33931
0.59899
3.07051
1.16064
1.6176
0.12071
0.32357
0.39015
0.12071
1.29729
1.00975
0.12071
4.89587
0.69003
1.76735
0.62186
4.38523
1.54162
1.06704
0.84261
1.03708
1.5086
0.69429
0.12071
0.12071
1.62163
0.37202
0.52632
0.50723
0.12071
1.16643
0.13665
1.09383
0.59215
0.15369
2.4116
0.30128
0.49935
0.15569
0.85719
4.89587
0.71981
1.48308
0.14983
0.53842
0.15937
1.67856
2.6661
1.08679
0.86836
0.12071
0.47149
0.54491
0.7973
0.61575
0.48147
0.84259
0.12502
0.49241
0.73771
1.09383
0.52342
0.64894
0.12071
1.04656
1.55886
0.30411
0.14477
0.55781
1.17559
0.47623
0.62913
0.17528
3.10647
1.11529
0.14677
0.67193
1.08679
0.72848
1.08634
0.24405
0.85056
2.25055
0.18863
0.13291
2.5345
1.01228
1.08981
4.89587
0.6853
4.11375
0.17543
0.88839
1.30889
1.55381
0.4823
0.12071
0.65119
0.76192
0.21318
0.27555
0.57508
0.47318
2.72485
1.5894
2.08979
0.4169
1.58497
0.7845
0.15919
0.15482
1.98763
0.34651
0.12071
1.3337
0.35227
0.24793
0.17472
0.12439
0.17104
1.66939
0.31142
0.12071
0.12071
1.96888
0.12071
0.58917
2.29053
0.37516
0.12071
1.22016
0.20999
0.31085
1.54947
0.12071
0.16953
1.70802
0.3816
0.47512
0.6684
0.6204
4.89587
0.83277
0.62741
1.29125
4.33544
0.12071
1.62452
2.08893
0.55469
0.3106
0.97606
1.30029
0.56636
1.33931
0.81528
0.93547
0.98431
2.87569
0.42576
1.74976
0.12071
0.18259
1.1913
0.32442
0.56126
0.71211
1.5104
0.4298
0.92394
0.65069
0.18931
4.28107
1.80958
0.57421
0.4133
0.59464
0.80967
0.7813
0.12071
0.29384
1.74976
0.24051
3.64247
0.72998
0.18725
0.61146
1.55271
0.12071
1.43441
0.23782
0.31451
2.5345
0.12914
1.79844
0.87187
2.80417
0.95473
0.71636
1.07142
1.22317
0.55614
0.79855
1.88131
0.29265
0.37601
2.67483
2.845
0.27147
0.51277
4.89587
0.5434
0.69026
4.47437
4.89587
1.83398
0.60754
1.18489
3.67299
0.45543
1.44466
0.60256
0.16778
1.8971
1.46444
2.36276
0.53558
0.17037
1.04014
0.12071
1.12473
1.48308
0.79851
0.12071
0.39432
0.72049
0.66077
0.12071
0.34477
0.41135
0.12071
0.67193
0.55844
0.12071
0.12071
0.46714
0.2654
1.30831
0.36437
0.93378
1.74991
1.17559
0.60849
0.48992
0.69026
0.85986
1.45922
0.5336
0.93378
2.55186
0.13615
1.0478
0.12071
0.27948
0.2728
0.44409
0.12071
0.4145
0.12071
0.91261
1.32838
0.1999
0.22454
0.31029
2.91397
0.33443
1.54167
0.82917
0.48175
0.61977
0.22976
3.06765
0.67707
0.48026
1.5475
0.60264
0.14685
0.39045
1.5986
0.30116
0.40904
0.86635
0.16992
1.18489
0.20605
0.33457
1.55271
0.94203
1.63935
1.18541
0.12071
0.50002
0.84086
0.46689
1.03171
0.39341
1.07642
0.41124
0.26077
2.34689
0.13558
0.81528
1.89236
2.87464
0.43343
0.76064
0.39045
0.44465
1.06024
1.28721
0.14844
1.31406
1.06466
1.54501
0.57713
0.78335
1.29729
3.5472
0.17126
0.12071
0.86381
2.03113
1.54947
0.30382
0.44643
0.80989
0.47303
0.12071
1.00987
0.24932
0.12071
3.56771
0.36998
2.18775
0.39858
1.13263
1.08679
0.68052
0.94203
0.24434
0.25627
0.12071
1.89647
0.75367
0.61237
0.64714
2.09812
4.09622
0.19444
2.52286
0.91288
0.3773
0.12071
0.12071
0.12633
4.89587
3.35806
0.55814
0.25144
0.4671
0.12071
0.60927
0.22611
0.72608
0.15379
0.70036
0.50408
1.01525
0.42771
0.99258
0.14168
2.14322
0.12071
1.43535
0.74555
0.87187
0.67074
0.85622
0.12071
0.21875
0.12071
1.11576
1.88487
1.64011
1.28863
0.74242
0.32389
0.87187
0.69003
4.89587
0.26108
0.32144
0.34354
2.24487
4.89587
0.41461
0.12071
0.2056
0.69026
1.43441
0.74154
0.73895
1.76474
0.38364
0.27502
0.23
1.21849
0.26195
0.14537
0.9355
1.30994
0.95246
0.54552
0.14956
4.06227
0.63514
0.28543
1.34387
1.39452
3.87683
0.12071
0.46443
0.12071
0.55978
1.11714
0.32727
0.21178
0.683
0.29228
0.28565
0.12071
0.79508
2.90486
1.74976
1.88131
0.69725
0.71045
0.51214
4.89587
2.66357
0.86668
0.13974
1.24254
0.36491
0.71732
0.12485
0.57576
1.2696
3.08174
0.12071
0.94203
0.12071
0.24601
0.6207
0.21043
1.25345
1.36865
4.89587
0.22217
1.5122
0.16865
0.61264
0.95246
0.42601
0.47004
0.23558
2.69277
0.8299
1.30831
0.51436
0.84581
0.66848
1.69392
3.35928
0.18392
0.53199
0.28521
0.3153
1.61839
0.39053
2.29053
1.18647
4.89587
1.31224
0.52632
4.2189
1.5013
0.8088
2.32304
1.17675
0.26004
0.31825
1.74976
0.56773
0.12071
0.1318
0.12071
0.77066
0.26399
0.21717
0.84483
0.12071
1.50509
0.78233
0.87187
1.65407
0.84404
0.57554
2.03113
0.68641
0.19122
0.58747
0.53825
0.69031
1.03708
2.00477
1.29288
0.46002
0.45117
2.68838
2.4116
0.26299
1.90293
0.12071
1.87941
0.33276
0.14993
1.6176
0.77789
0.25539
0.12071
1.04974
0.21831
0.47303
0.69378
0.74555
2.41703
0.57537
0.67342
4.13112
0.61202
0.12071
4.89587
0.94066
0.47497
2.65668
0.14557
0.57548
0.19503
0.55533
0.14466
3.33819
0.23594
0.12071
0.20286
1.21254
1.15954
0.48592
2.31009
3.36904
0.24673
0.61202
0.37981
1.18373
2.96263
0.38077
0.57806
0.23551
1.74976
4.30039
0.3644
0.58023
0.53477
0.13583
0.18221
0.52632
0.93661
0.30021
0.3686
0.17661
4.89587
0.45728
0.93421
0.63724
0.45895
1.11234
0.59324
1.25804
1.36229
0.42298
0.97231
0.12071
1.79424
1.25784
2.14129
0.136
2.07905
0.71698
0.40873
1.26725
0.36995
0.12071
0.14365
1.48308
0.14306
2.37221
0.54368
0.31361
2.13022
1.03792
0.85796
0.82617
0.17798
0.1364
0.12071
0.53811
4.66475
0.12071
0.69725
2.72156
0.25634
0.91005
0.94187
1.0478
0.39792
0.59153
1.02701
0.50394
0.98372
1.73112
0.16067
0.61977
0.4832
0.12071
1.54162
0.52931
0.25915
0.36193
1.45376
1.05571
2.2181
1.35126
1.67857
0.52511
0.1363
3.83862
3.85375
0.12071
0.15788
0.12071
1.02651
0.24397
0.12071
0.49272
0.12071
0.25163
0.12071
0.84787
0.47287
2.47767
4.89587
3.86148
2.29053
0.24868
0.50286
0.13607
1.90166
2.48046
0.12071
1.25228
0.53778
0.38302
0.19713
0.12071
2.14129
0.86712
0.12071
0.4569
2.68631
1.11932
1.43115
4.89587
2.39366
0.12071
1.96494
0.4216
0.4388
0.12071
0.12071
0.7198
0.12071
0.15588
0.40764
1.33351
0.8229
2.67483
0.43564
1.79487
0.12071
3.10964
4.56787
0.4905
0.38541
0.27796
0.12071
0.69725
0.7846
0.91828
1.97666
0.3869
0.12071
0.41938
0.83876
0.12071
0.60564
0.20425
0.73387
0.12071
1.98192
0.46527
0.83876
0.23039
2.2181
2.65316
1.15823
1.30702
1.95522
1.15999
1.34387
0.36782
0.89761
0.34846
0.16592
1.00074
0.12071
0.31681
0.12071
0.54479
2.91397
0.18326
0.16539
1.32615
0.84839
0.73287
0.74304
3.42417
0.92335
0.56073
0.38678
0.30495
0.32411
0.6255
1.61303
0.12071
0.84314
0.78118
0.27182
1.1913
0.47919
0.39341
1.18647
3.2178
0.12071
0.8748
4.89587
0.43868
0.84867
0.37713
1.10725
1.41184
1.82354
2.54047
4.17296
0.12071
1.66968
0.44618
2.72279
0.55416
0.50469
0.12071
0.61237
1.1913
0.3518
2.42419
0.14083
1.82018
1.49293
0.66748
1.54501
3.27071
1.20175
4.89587
0.20624
1.11571
0.86712
0.94187
1.11714
3.59207
2.43604
0.22149
0.8346
0.44214
0.12071
4.89587
0.33441
0.12963
0.27279
1.85746
1.75084
1.73017
0.60388
0.51749
2.29053
2.26071
0.83941
2.67244
1.11932
0.12071
0.33881
0.69725
1.25172
3.32806
1.54501
0.69026
3.79256
0.46745
1.1913
0.12071
0.69026
1.86099
0.12071
1.11932
1.39528
0.83593
1.58188
0.30746
2.20187
0.8379
0.12071
0.18786
4.89587
0.94203
1.14189
0.25026
0.17213
0.8379
1.6176
0.59464
2.17507
0.6754
0.52353
0.68547
0.12071
0.40983
0.37083
1.03171
1.14067
3.09893
0.89223
0.24311
0.84556
0.66859
0.61257
0.22887
2.63992
1.45813
0.93232
1.54501
0.16742
3.74909
0.22246
1.58497
1.11714
0.22304
1.54597
0.86712
0.47283
1.17894
0.98431
0.39015
0.35815
1.01813
0.32031
0.44239
0.93465
1.53382
1.74976
1.17906
2.5345
0.49241
0.34719
0.35763
0.66965
0.12071
3.99031
0.66556
0.48122
0.15532
0.83678
0.42157
1.08679
0.46038
1.11576
0.3573
1.88131
0.12071
1.32935
2.23873
1.15977
0.43952
0.49679
0.48074
1.05571
0.65014
1.1913
3.39371
0.38233
1.60248
0.64049
1.08428
0.55036
0.22109
0.12071
0.47149
1.08208
0.43206
1.23782
0.18826
2.5345
3.01173
1.66151
3.35928
0.69003
0.12071
1.4103
1.74976
0.51203
0.29678
0.26397
2.81171
0.42413
0.17301
0.63161
0.15768
0.9447
0.29349
0.37605
0.3342
0.25548
2.07243
1.11714
0.40192
0.7324
4.89587
0.35054
0.51243
2.52388
0.71329
0.83876
4.30039
0.14472
0.12071
2.68838
0.18177
0.2973
1.64443
0.92173
0.28931
0.16428
0.24834
0.33743
1.52617
0.27461
1.0078
0.39689
2.24487
0.56561
0.52596
0.18609
0.75948
0.86195
0.46689
1.08307
1.58018
0.98434
2.93649
1.55271
1.54162
0.12071
0.76573
1.28863
0.71843
0.12071
0.74121
2.73938
0.98381
0.12071
0.64894
0.42837
0.87416
2.52193
0.9671
2.26779
0.12071
2.99777
0.7942
0.41431
0.2778
0.12071
0.86662
1.66089
0.12071
0.97882
2.11464
0.83876
0.31982
0.8776
0.47244
1.77032
0.95988
1.08679
0.73227
0.27948
0.80095
2.21349
0.43931
0.31385
0.91177
0.69725
0.72608
0.57756
0.59036
0.92294
0.7825
0.136
0.46038
0.37282
0.44157
0.30601
4.89587
1.64408
1.94925
1.6176
0.18477
2.86424
1.2042
0.61329
0.35328
1.48752
0.22024
0.37572
1.82018
0.60601
0.1734
2.15427
0.79032
0.60686
1.24497
0.72126
1.23782
1.17559
0.76449
0.7324
0.9064
0.3539
1.49818
1.66227
0.75533
0.72521
0.48295
0.38898
0.12071
1.22723
0.62869
2.09224
0.17119
1.29729
0.79148
4.89587
0.85542
0.46271
0.12071
0.25589
0.12071
1.97709
3.5867
0.46637
1.18647
1.91335
0.64038
1.14902
0.3971
1.00263
0.16845
3.45739
1.24161
1.30871
0.47609
0.53544
0.63045
1.20121
0.29175
0.93098
2.04203
0.71622
0.89453
1.74976
0.71376
0.25869
1.33931
0.51644
0.97504
0.12071
2.48142
0.60209
0.77779
4.30039
0.63249
0.30035
0.38256
0.9141
1.8971
0.13576
0.66354
1.58497
0.31266
0.2836
0.80525
0.83764
0.83678
0.95246
2.47767
4.89587
0.35434
1.30029
0.12071
0.12071
0.42065
0.69003
4.89587
2.37777
0.12687
2.10945
0.12071
0.15482
0.84314
0.7324
0.12071
0.31754
1.57254
0.17207
0.132
0.38506
0.27154
1.58497
1.6176
0.28062
2.38039
0.62514
0.90768
0.24113
1.11714
0.64432
0.62253
1.90293
1.36229
0.72104
3.89813
3.39482
1.33931
0.2733
0.12878
0.44157
0.45277
4.85902
0.34502
0.69374
1.11086
0.15922
1.11932
1.02421
0.2962
3.09353
0.12071
1.54501
0.91256
0.51315
1.54501
0.95277
2.10945
0.41894
0.74945
0.38113
0.86712
0.82123
0.61436
0.40645
0.2844
0.12071
0.40949
0.12071
0.90164
2.14939
0.19045
0.17258
0.41338
1.25239
0.12385
0.33689
3.11041
0.52739
0.12071
0.69003
0.61871
2.79178
2.10209
2.35556
0.12071
0.12071
1.33115
0.32345
0.15287
0.5763
0.99595
0.20149
0.69934
0.47599
2.33151
0.80107
2.35845
0.18485
0.37644
0.12071
0.62883
0.51277
0.12071
1.54501
0.23591
2.66357
1.74986
0.49019
1.48308
1.10764
1.48308
0.73697
0.12391
0.61216
0.19154
1.14301
0.73148
1.09383
0.56305
0.12071
2.03109
1.6176
0.47418
2.47767
2.46726
0.44601
0.20146
0.57508
3.66202
0.73938
0.12071
0.16493
0.53225
0.56273
4.89587
0.16808
1.58018
1.36494
0.29996
0.46575
1.30311
0.32101
0.22099
2.40145
0.12787
0.12071
0.67149
0.12071
0.90611
0.69725
1.60382
2.37221
0.17032
1.28863
0.12071
0.86712
0.44136
0.12071
0.81723
0.46038
0.49721
0.22304
0.92474
1.01939
0.14034
1.47279
1.11932
1.74976
2.11344
0.12071
0.12071
0.31782
0.52094
1.14326
0.12071
0.24757
0.42939
0.22801
0.12071
1.48473
0.45538
1.89856
4.89587
1.11932
0.12071
0.12071
1.74976
0.18234
1.15692
3.35117
0.8776
0.61202
0.17028
1.03171
3.73576
0.65393
1.46167
0.72104
0.83051
0.12071
1.75148
2.47767
0.68675
0.32354
0.12071
0.27531
0.13847
1.17559
1.40256
2.98331
2.92411
1.29729
0.28889
0.64047
0.35968
4.31225
0.12071
1.21128
1.88685
1.33931
1.54501
2.31195
1.11086
0.13429
0.58836
1.81112
0.44967
0.12916
1.62088
0.2665
3.27779
3.64389
2.06503
0.51707
2.27461
0.74136
0.45785
0.81528
2.04533
0.70667
1.18541
0.12419
1.54213
0.12071
1.50792
1.04414
0.31797
0.12071
0.81641
2.91866
0.12071
0.74724
0.12071
3.96576
0.13092
1.34387
0.23617
4.89587
0.52325
0.39426
0.95624
0.12071
0.40645
2.02789
4.89587
0.12071
2.1313
2.23322
0.22978
0.22218
1.1913
0.56379
2.13022
0.12071
1.58497
0.23022
0.71636
0.1401
0.1431
0.12071
0.43853
0.29466
0.13758
4.89587
2.61923
1.05571
0.95709
0.50517
2.08303
2.87183
0.54606
0.12071
0.4302
0.61531
2.1664
4.89587
0.20355
1.05992
0.67994
0.12071
0.78521
1.17559
4.89587
0.12071
1.09383
0.55764
0.31592
0.83021
1.13868
0.35719
0.95837
0.67474
0.91616
4.89587
0.12071
0.87416
1.22723
1.18489
0.39426
0.66724
0.57331
0.12071
0.82275
0.17773
0.12796
1.84774
1.67528
1.54501
0.14862
0.12071
0.57874
0.37858
0.82127
0.43844
0.35739
0.64884
0.12071
0.29854
0.12071
1.66747
0.44523
0.88269
4.89587
0.69725
0.32411
1.59675
0.44072
0.12071
0.26031
0.49691
1.1893
1.29269
4.89587
0.31946
2.14939
0.12071
0.12071
0.71442
4.11484
0.15164
0.23745
0.27913
0.51955
1.03658
1.16643
0.74054
2.68838
0.57806
0.40873
0.12071
2.67483
0.76573
0.48654
0.53757
0.15788
1.22913
0.21503
0.13585
0.3767
0.12071
1.58188
0.12071
0.49508
0.30061
0.35098
1.33931
0.73822
0.63008
0.16709
0.261
2.95833
0.12071
1.37637
0.46166
1.01525
0.65492
1.6176
1.44063
1.36229
4.10186
1.05571
0.12071
4.89587
0.12071
0.17613
0.20417
1.28863
1.54501
0.8776
1.06024
0.45404
4.89587
0.12071
4.89587
0.40764
0.91966
0.60027
0.8513
0.47497
1.76955
0.84314
0.17579
0.7217
0.48102
0.31593
0.53822
0.12071
0.23479
0.5717
1.17559
1.19312
0.18031
1.92547
0.12071
1.15909
1.18647
0.30772
0.36909
1.24244
0.20667
1.12147
2.04013
0.96206
0.12071
2.67049
0.45327
0.98835
1.34387
0.58018
0.6423
0.36215
0.26158
0.66859
0.12071
4.07694
0.64864
0.33921
1.28863
1.11714
1.52774
0.49241
1.30029
0.86555
4.40454
1.29779
0.96206
4.79499
0.12071
0.74419
0.69026
0.71744
1.34387
0.88151
0.60563
0.28447
1.3162
0.93547
0.76976
1.58188
0.53012
0.15097
1.43441
0.12071
0.42554
0.12071
1.38052
0.20323
1.63425
0.27796
0.62323
0.3773
1.43441
0.22949
0.72877
0.46448
0.55415
1.52637
0.4252
0.17007
0.4632
0.34863
0.15519
1.54501
0.3097
0.5392
0.62264
0.34923
3.11493
0.15282
0.67492
0.12071
0.3414
0.88192
0.12071
1.1967
2.29053
0.25469
0.12071
0.60432
0.49241
0.12071
0.29211
0.12071
0.26531
0.88388
1.18743
1.39553
2.36512
0.61813
0.96165
0.45655
2.85523
0.31237
0.45762
1.67193
0.69725
0.12657
1.88131
0.21569
2.4116
0.59392
0.6682
0.6366
3.36274
0.41447
1.02504
1.79739
0.99361
0.1913
0.66939
0.8776
1.65859
0.43617
1.68973
0.73083
0.26377
0.21908
0.61202
0.12071
0.49386
0.25224
1.28543
4.16251
3.33996
0.8379
1.93772
0.62571
1.17363
0.57042
0.34111
0.43545
0.52795
0.46567
0.64894
1.33375
0.12071
0.75842
0.69725
0.3501
0.12071
1.10262
2.65668
0.96655
0.12071
1.99931
0.61465
0.68571
0.80324
0.78018
0.12071
0.74527
1.17405
0.12542
0.78702
0.12071
0.53648
0.30034
3.55652
0.57957
4.45896
2.10793
0.60209
1.11086
0.59527
1.09425
0.42378
0.14146
1.74976
0.14756
1.26373
1.58497
0.45655
1.11921
2.14939
0.30052
1.76041
1.26578
0.55595
0.23283
0.57087
0.93415
0.50926
1.08428
0.29041
0.54811
2.91397
1.6176
0.49241
0.40712
0.37221
0.47156
1.75208
1.29105
0.83078
0.21286
1.57048
0.12071
2.12777
0.28509
0.12071
2.36747
1.23725
0.12071
0.34874
0.95246
0.19623
1.03774
0.42378
0.89012
0.14376
1.61058
1.35946
1.97268
1.17065
0.12071
2.10945
4.89587
0.79431
0.61202
0.74891
0.3029
4.89587
1.58497
0.27948
0.26274
1.58188
1.45941
0.57809
0.22327
0.31758
1.82938
0.45614
0.26647
1.1893
0.22951
0.31478
0.53601
0.23376
1.11932
2.03113
4.89587
0.95246
1.1028
1.04045
0.64038
0.30116
0.12071
1.11714
1.84807
0.27697
0.45457
1.29729
0.86662
1.09021
2.45927
0.76703
0.48654
1.30663
0.43853
4.72957
0.18116
0.9281
4.89587
0.76814
0.50678
0.30744
0.68104
0.77761
0.12071
4.89587
0.24682
0.69003
0.12071
1.33741
3.95976
0.44411
0.12071
1.11529
1.90293
0.77032
0.84314
0.40645
0.74555
1.01601
0.6393
0.83678
0.63454
0.12071
0.67966
2.06049
0.46519
0.26627
2.03113
1.17405
1.19584
0.40123
0.1756
2.86211
1.43441
0.33754
0.81528
0.8811
3.33313
1.25355
0.53785
0.16616
1.52178
1.1537
1.79938
1.25412
0.3075
0.85427
0.12071
0.12346
1.23807
0.65575
1.01939
0.34766
2.24487
3.98959
0.33263
0.12071
0.37886
0.30089
1.89647
2.07316
0.91828
0.18889
0.19887
0.12071
0.95246
3.10647
0.69026
0.65492
2.19496
0.89262
0.84404
0.12071
0.5708
1.71199
0.3246
1.27238
0.43641
0.45849
0.16711
1.19642
1.23807
1.74812
0.7324
0.23343
0.6652
0.58144
0.90349
1.13135
0.17892
0.1938
4.08754
0.40957
0.12071
0.1355
0.46838
0.32313
1.82002
3.824
1.09654
1.01706
0.79339
0.12071
0.17049
4.89587
0.42001
2.14939
1.48972
0.39663
1.51693
0.56247
0.12071
0.3843
4.533
0.72961
1.64001
0.68775
1.23973
0.61919
0.69026
0.12071
1.5945
0.14667
0.30517
1.48972
0.96051
1.06994
0.12071
1.28863
2.95833
0.30755
0.24626
1.18289
0.12071
2.05837
1.29729
2.62001
0.72608
0.56596
0.12071
0.28604
0.44875
0.61628
0.51854
0.38227
0.67263
0.57039
0.19896
0.20238
0.47805
0.12071
0.12071
0.12071
0.12181
1.99974
0.74893
0.83876
0.25932
0.17796
0.12071
1.19425
2.86211
2.27491
0.22845
1.48308
1.33931
4.89587
0.73287
1.21128
